=== 現金流趨勢（7月-8月）===
日期                     現金         增減          總資產
----------------------------------------------
2026-07-19      3,884,620          -   22,301,690
2026-07-20      3,917,620  +33,000.0   18,674,581
2026-07-21      4,483,408 +565,788.0   19,384,695
2026-07-23      3,614,169 -869,239.0   16,618,211
2026-07-24      3,614,169       +0.0   16,689,795
2026-07-25      3,614,169       +0.0   16,689,795
2026-07-26      3,314,169 -300,000.0   16,389,795
2026-07-27      3,119,158 -195,011.0   16,303,141
2026-07-28      3,106,904  -12,254.0   16,070,556
2026-07-29      3,119,158  +12,254.0   15,948,213
2026-07-30      3,119,158       +0.0   15,941,123
2026-07-31      2,936,923 -182,235.0   15,921,385
2026-08-01      2,936,923       +0.0   15,975,619
----------------------------------------------
期初: 3,884,620  期末: 2,936,923  淨變動: -947,697
